19 9
0 7 
0 9 
0 7 
0 2 
0 10 
0 10 
0 8 
1 6 
1 10 
1 17 
1 5 
1 5 
2 15 
2 14 
2 15 
2 10 
2 9 
3 15 
3 17 
3 11 
3 3 
4 18 
4 13 
5 18 
5 15 
5 7 
5 11 
5 13 
6 8 
6 6 
6 17 
6 0 
6 11 
6 6 
6 17 
7 10 
7 2 
7 8 
8 10 
8 16 
8 7 
8 4 
9 11 
9 18 
9 16 
9 5 
10 5 
10 18 
10 4 
10 14 
10 15 
11 13 
11 14 
11 0 
11 3 
11 5 
12 10 
12 17 
12 0 
12 15 
12 11 
13 7 
13 15 
13 14 
13 0 
13 13 
14 6 
14 18 
14 6 
15 15 
15 10 
15 13 
15 12 
15 5 
15 7 
16 17 
16 16 
16 18 
17 1 
17 7 
17 13 
17 18 
17 8 
18 0 
18 10 
18 3 